-3.700000000000000000e+01
-8.000000000000000000e+00
-1.100000000000000000e+02
-3.300000000000000000e+01
-3.700000000000000000e+01
-1.000000000000000000e+01
-4.400000000000000000e+01
-2.300000000000000000e+01
-5.000000000000000000e+01
-1.540000000000000036e+01
-3.000000000000000000e+01
-1.480000000000000071e+01
-1.800000000000000000e+01
-1.800000000000000000e+01
-1.100000000000000000e+02
-4.500000000000000000e+01
-2.500000000000000000e+01
-7.100000000000000000e+01
-2.130000000000000071e+01
-1.170000000000000000e+02
-7.150000000000000000e+01
-2.100000000000000000e+01
-1.080000000000000000e+02
-4.800000000000000000e+01
-1.750000000000000000e+02
-5.400000000000000000e+01
-7.000000000000000000e+01
-7.500000000000000000e+01
-1.300000000000000044e+00
-3.300000000000000000e+01
-5.000000000000000000e+01
-2.400000000000000000e+01
-2.100000000000000000e+01
-5.500000000000000000e+01
-3.500000000000000000e+01
-1.500000000000000000e+01
-1.369999999999999929e+01
-1.900000000000000000e+01
-1.700000000000000000e+01
-7.500000000000000000e+00
-2.800000000000000000e+01
-1.500000000000000000e+01
-3.200000000000000000e+01
-4.000000000000000000e+01
-2.600000000000000000e+01
-2.000000000000000000e+01
-3.600000000000000000e+01
-2.400000000000000000e+01
-4.100000000000000000e+01
-9.000000000000000000e+00
-1.150000000000000000e+01
-1.000000000000000000e+01
-3.600000000000000000e+01
