2 3 9 2 3 5 1.61 1.032 0.57 0.462 0.967011091 2 3 5
2 3 8 2 3 5 1.61 1.032 0.565 0.467 0.968110717 2 3 5
5 10 7 3 2 4 1.03 0.69 0.53 0.16 0.8548604369568 3 2 4
2 3 5 2 3 5 1.34 0.535 0.64 0.105 0.974828971 2 3 5
2 3 5 2 3 5 1.34 0.535 0.64 0.105 0.974828971 2 3 5
2 2 7 2 2 6 1.34 1 0.55 0.45 0.890791991 2 2 6
2 2 6 2 2 6 1.34 1 0.6 0.4 0.880669355 2 2 6
2 3 5 2 3 5 1.34 0.861 0.64 0.221 0.900940516 2 3 5
2 2 8 2 2 6 1.34 0.72 0.545 0.175 0.953246042 2 2 6
2 2 6 2 2 6 1.34 0.72 0.6 0.12 0.94052067 2 2 6
2 3 8 2 3 5 1.34 0.745 0.575 0.17 0.94052067 2 3 5
3 9 10 3 2 4 1.36 0.745 0.625 0.12 0.936026243 3 2 4
3 1 6 3 1 5 1.36 0.76 0.61 0.15 0.936026243 3 1 5
3 1 5 3 1 5 1.36 0.76 0.64 0.12 0.929340341 3 1 5
3 1 7 3 1 5 1.36 0.76 0.58 0.18 0.942809042 3 1 5
3 2 10 3 2 4 1.36 0.72 0.625 0.095 0.941671757 3 2 4
3 2 4 3 2 4 1.36 0.72 0.605 0.115 0.946237438 3 2 4
3 7 5 3 2 4 1.36 0.83 0.58 0.25 0.927132882 3 2 4
3 10 10 3 2 4 1.36 0.69 0.625 0.065 0.948536922 3 2 4
2 2 6 2 2 6 1.44 1 0.59 0.41 0.914889867 2 2 6
2 9 7 2 2 6 1.44 0.745 0.55 0.195 0.980797684 2 2 6
2 9 6 2 2 6 1.44 0.745 0.6 0.145 0.96896659 2 2 6
2 6 5 2 3 5 1.44 0.615 0.6 0.015 1.000340353 2 3 5
2 3 5 2 3 5 1.44 0.8 0.64 0.16 0.947256254 2 3 5
2 3 5 2 3 5 1.44 0.8 0.64 0.16 0.947256254 2 3 5
2 3 5 2 3 5 1.44 0.861 0.64 0.221 0.933821557 2 3 5
2 3 7 2 3 5 1.44 0.861 0.68 0.281 0.94703289722 2 3 6
2 2 9 2 2 5.8 1.44 0.72 0.52 0.2 0.994150128 2 2 6
2 16 5 2 3 5 1.44 0.868 0.64 0.228 0.932304205 2 3 5
2 3 8 2 3 5 1.44 0.745 0.575 0.17 0.974846242 2 3 5
3 2 4 3 2 4 0.9 0.72 0.605 0.115 0.78853119 5 2 4
2 2 6 2 2 6 1.61 1 0.59 0.41 0.969654402 2 2 6
2 12 8 2 2 6 1.61 0.95 0.545 0.405 0.991101938 2 2 6
2 12 7 2 2 6 1.61 0.95 0.545 0.405 0.991101938 2 2 6
2 9 7 2 3 5 1.61 0.947 0.58 0.367 0.983772319 2 3 5
2 8 6 2 3 6 1.61 0.645 0.61 0.035 1.049761485 2 3 5
2 3 5 2 3 5 1.61 0.8 0.64 0.16 1.003958213 2 3 5
2 3 5 2 3 5 1.61 0.8 0.64 0.16 1.003958213 2 3 5
2 3 7 2 3 5 1.61 1.032 0.58 0.452 0.964819316 2 3 5
2 1 7 2 1 7 1.61 0.76 0.53 0.23 1.040778196 2 1 7
2 2 8 2 2 6 1.61 0.72 0.545 0.175 1.047179046 2 2 6
2 2 6 2 2 6 1.61 0.72 0.6 0.12 1.033199714 2 2 6
2 1 7 2 1 7 1.61 1.02 0.53 0.49 0.978570764 2 1 7
2 3 7 2 3 5 1.61 0.861 0.58 0.281 1.003721486 2 3 5
2 3 9 2 3 5 1.61 0.745 0.57 0.175 1.034455121 2 3 5
2 3 8 2 3 5 1.61 0.745 0.565 0.18 1.059737055877489 2 3 4
2 8 7 2 3 5 1.61 0.958 0.58 0.378 0.981277737 2 3 5
2 11 7 2 3 5 1.61 0.923 0.58 0.343 0.989259313 2 3 5
2 16 7 2 3 5 1.61 0.868 0.58 0.288 1.002067519 2 3 5
2 3 8 2 3 5 1.61 0.9 0.575 0.325 0.995738672 2 3 5
2 12 8 2 2 6 1.61 0.74 0.545 0.195 1.042052099 2 2 6
2 12 7 2 2 6 1.61 0.74 0.55 0.19 1.040778196 2 2 6
2 12 6 2 2 6 1.61 0.74 0.6 0.14 1.028208411 2 2 6
2 4 4 2 4 4 1.34 0.4 0.605 0.205 1.018382434 2 4 4
2 10 7 2 3 5 1.44 0.938 0.58 0.358 0.930145094 2 3 5
2 1 7 2 1 7 1.44 0.76 0.53 0.23 0.981996703 2 1 7
2 2 9 2 2 6 1.44 0.72 0.52 0.2 0.994150128 2 2 6
2 15 7 2 3 5 1.44 0.88 0.58 0.3 0.942809042 2 3 5
2 16 7 2 3 5 1.44 0.868 0.58 0.288 0.945472344 2 3 5
2 3 7 2 3 5 1.44 0.9 0.58 0.32 0.938403392 2 3 5
2 12 6 2 2 6 1.44 0.74 0.6 0.14 0.97013684 2 2 6
2 2 7 2 2 6 1.61 1 0.55 0.45 0.978570764 2 2 6
2 4 7 2 4 4 1.34 0.53 0.605 0.075 0.9847382873957511 2 4 4
2 9 5 2 3 5 1.44 0.61 0.64 0.03 0.991695436 2 3 5
2 9 6 2 2 6 1.44 0.745 0.6 0.145 0.96896659 2 2 6
2 6 5 2 3 5 1.44 0.615 0.64 0.025 0.990472631 2 3 5
2 10 6 2 2 6 1.44 0.69 0.6 0.09 0.981996703 2 2 6
2 12 7 2 2 6 1.44 0.74 0.55 0.19 0.981996703 2 2 6
