4.000000000000000000e+02
1.200000000000000000e+02
1.100000000000000000e+02
3.200000000000000000e+02
6.200000000000000000e+01
1.300000000000000000e+01
2.800000000000000000e+02
3.100000000000000000e+01
3.170000000000000000e+02
5.400000000000000000e+02
2.040000000000000000e+02
3.200000000000000000e+01
8.500000000000000000e+01
3.600000000000000000e+02
1.300000000000000000e+02
3.800000000000000000e+02
1.500000000000000000e+02
4.450000000000000000e+02
2.500000000000000000e+01
4.500000000000000000e+01
