-0.096477759 0 0 -0.104403606 0 0 -0.100325503 0 0 -0.099540672 0 0 0 0 0 0 0 0 0 0 0 0 0 0 0 0 0 0 0 0 0 0 0 -0.058897322 0 0 0 0 0
-0.061504816 0 0 -0.072982269 0 0 -0.053802896 0 0 -0.079158960 0 0 0 0 0 0 0 0 0 0 0 0 0 0 0 0 0 0 0 0 0 0 0 0.566039044 0 0 0 0 0
-0.095910361 0 0 -0.105660026 0 0 -0.098812500 0 0 -0.103099095 0 0 0 0 0 0 0 0 0 0 0 0 0 0 0 0 0 0 0 0 0 0 0 0.196057987 0 0 0 0 0
-0.062128537 0 0 -0.082119144 0 0 -0.079256208 0 0 -0.068705230 0 0 0 0 0 0 0 0 0 0 0 0 0 0 0 0 0 0 0 0 0 0 0 0.487747486 0 0 0 0 0
-0.105604998 0 0 -0.122758415 0 0 -0.110048612 0 0 -0.121721251 0 0 0 0 0 0 0 0 0 0 0 0 0 0 0 0 0 0 0 0 0 0 0 -0.058092547 0 0 0 0 0
0.015523902 0 0 0.020732621 0 0 0.014039224 0 0 0.022771019 0 0 0 0 0 0 0 0 0 0 0 0 0 0 0 0 0 0 0 0 0 0 0 -0.776376340 0 0 0 0 0
-0.049459229 0 0 -0.058338797 0 0 -0.047514271 0 0 -0.061232513 0 0 0 0 0 0 0 0 0 0 0 0 0 0 0 0 0 0 0 0 0 0 0 0.202196737 0 0 0 0 0
-0.057726855 0 0 -0.066059104 0 0 -0.056192412 0 0 -0.071552160 0 0 0 0 0 0 0 0 0 0 0 0 0 0 0 0 0 0 0 0 0 0 0 0.106684455 0 0 0 0 0
0.022246761 0 0 0.027711704 0 0 0.044688092 0 0 -0.023066157 0 0 0 0 0 0 0 0 0 0 0 0 0 0 0 0 0 0 0 0 0 0 0 -0.749424703 0 0 0 0 0
-0.045163118 0 0 -0.054845972 0 0 -0.050023925 0 0 -0.043609978 0 0 0 0 0 0 0 0 0 0 0 0 0 0 0 0 0 0 0 0 0 0 0 0.385739124 0 0 0 0 0
-0.042564393 0 0 -0.046778654 0 0 -0.044325412 0 0 -0.043886125 0 0 -0.058017966 0 0 -0.063408865 0 0 -0.061148919 0 0 -0.062708815 0 0 -0.175457369 0 0 -0.167486568 0 0 -0.167076662 0 0 -0.193707026 0 0 0.067069635 0 0
0.028386247 0 0 0.028867396 0 0 0.038840220 0 0 -0.032312919 0 0 0 0 0 0 0 0 0 0 0 0 0 0 0 0 0 0 0 0 0 0 0 -0.093323675 0 0 0 0 0
-0.074832347 0 0 -0.083151000 0 0 -0.083934249 0 0 -0.073608856 0 0 0 0 0 0 0 0 0 0 0 0 0 0 0 0 0 0 0 0 0 0 0 0.566001962 0 0 0 0 0
-0.042770779 0.013731244 -0.095368734 -0.043192129 0.013100596 -0.106423537 -0.043063428 -0.018444985 -0.100812236 -0.042654316 -0.018444985 -0.098990480 -0.095368734 0 0 -0.106423537 0 0 -0.100812236 0 0 -0.098990480 0 0 -0.205427333 -0.205427333 0 0 -0.100812236 0 0 -0.098990480 0 -0.830902781 0.181959390 -0.830902781 0.149274965 0 0
-0.046896389 0.014206501 -0.108522484 -0.048684330 -0.014341324 -0.116015955 -0.046898307 0.015595069 -0.108509736 -0.046220673 -0.019261689 -0.107975899 -0.108522484 0 0 -0.116015955 0 0 -0.108509736 0 0 -0.107975899 0 0 -0.218533704 -0.218533704 0 -0.232501465 -0.232501465 0 -0.234144079 -0.234144079 0 -0.934712934 0.152166362 -0.934712934 0.931094946 0 0
-0.109062190 0 0 -0.150649025 0 0 -0.122103985 0 0 -0.139064430 0 0 0 0 0 0 0 0 0 0 0 0 0 0 0 0 0 0 0 0 0 0 0 -0.042456194 0 0 0 0 0
-0.147842386 0 0 -0.147842386 0 0 -0.152983612 0 0 -0.150098564 0 0 0 0 0 0 0 0 0 0 0 0 0 0 0 0 0 0 0 0 0 0 0 -0.059579841 0 0 0 0 0
0.016864874 0 0 -0.044269782 0 0 -0.035050262 0 0 -0.025945318 0 0 0 0 0 0 0 0 0 0 0 0 0 0 0 0 0 0 0 0 0 0 0 0.366303071 0 0 0 0 0
-0.011194758 0 0 -0.011194758 0 0 -0.112727088 0 0 -0.112727088 0 0 0 0 0 0 0 0 0 0 0 0 0 0 0 0 0 0 0 0 0 0 0 0.661609001 0 0 0 0 0
0.015455562 0 0 0.015455562 0 0 -0.071184082 0 0 -0.071184082 0 0 0 0 0 0 0 0 0 0 0 0 0 0 0 0 0 0 0 0 0 0 0 0.035326956 0 0 0 0 0
0.016852054 0 0 0.016852054 0 0 -0.077424453 0 0 -0.077424453 0 0 0 0 0 0 0 0 0 0 0 0 0 0 0 0 0 0 0 0 0 0 0 0.190051616 0 0 0 0 0
-0.034781025 0 0 -0.034781025 0 0 -0.157364683 0 0 -0.157364683 0 0 0 0 0 0 0 0 0 0 0 0 0 0 0 0 0 0 0 0 0 0 0 0.118487295 0 0 0 0 0
-0.022873265 0 0 -0.022873265 0 0 -0.154086104 0 0 -0.154086104 0 0 0 0 0 0 0 0 0 0 0 0 0 0 0 0 0 0 0 0 0 0 0 0.125460099 0 0 0 0 0
0.003579235 0 0 0.003579235 0 0 -0.097009231 0 0 -0.097009231 0 0 0 0 0 0 0 0 0 0 0 0 0 0 0 0 0 0 0 0 0 0 0 0.634380089 0 0 0 0 0
0.000824804 0 0 0.000824804 0 0 -0.109534233 0 0 -0.109534233 0 0 0 0 0 0 0 0 0 0 0 0 0 0 0 0 0 0 0 0 0 0 0 0.134795676 0 0 0 0 0
0.004369945 0 0 0.004369945 0 0 -0.119864056 0 0 -0.119864056 0 0 0 0 0 0 0 0 0 0 0 0 0 0 0 0 0 0 0 0 0 0 0 0.596129337 0 0 0 0 0
-0.025051858 0 0 -0.025051858 0 0 -0.150837970 0 0 -0.150837970 0 0 0 0 0 0 0 0 0 0 0 0 0 0 0 0 0 0 0 0 0 0 0 0.120711144 0 0 0 0 0
-0.019683847 0 0 -0.019683847 0 0 -0.133091275 0 0 -0.133091275 0 0 0 0 0 0 0 0 0 0 0 0 0 0 0 0 0 0 0 0 0 0 0 -0.072512911 0 0 0 0 0
-0.035726381 0 0 -0.035726381 0 0 -0.155275567 0 0 -0.155275567 0 0 0 0 0 0 0 0 0 0 0 0 0 0 0 0 0 0 0 0 0 0 0 0.114974950 0 0 0 0 0
-0.033293532 0 0 -0.033293532 0 0 -0.160710544 0 0 -0.160710544 0 0 0 0 0 0 0 0 0 0 0 0 0 0 0 0 0 0 0 0 0 0 0 0.124116582 0 0 0 0 0
-0.029615357 0 0 -0.029615357 0 0 -0.162413395 0 0 -0.162413395 0 0 0 0 0 0 0 0 0 0 0 0 0 0 0 0 0 0 0 0 0 0 0 0.130626948 0 0 0 0 0
-0.024007704 0 0 -0.024007704 0 0 -0.142139880 0 0 -0.142139880 0 0 0 0 0 0 0 0 0 0 0 0 0 0 0 0 0 0 0 0 0 0 0 -0.079580245 0 0 0 0 0
0.011271874 0 0 0.011271874 0 0 -0.089459186 0 0 -0.089459186 0 0 0 0 0 0 0 0 0 0 0 0 0 0 0 0 0 0 0 0 0 0 0 0.074245333 0 0 0 0 0
0.012012326 0 0 0.012012326 0 0 -0.094289846 0 0 -0.094289846 0 0 0 0 0 0 0 0 0 0 0 0 0 0 0 0 0 0 0 0 0 0 0 0.204819385 0 0 0 0 0
0.014212949 0 0 0.014212949 0 0 -0.102586018 0 0 -0.102586018 0 0 0 0 0 0 0 0 0 0 0 0 0 0 0 0 0 0 0 0 0 0 0 0.505357608 0 0 0 0 0
-0.030893167 0 0 -0.030893167 0 0 -0.176945915 0 0 -0.176945915 0 0 0 0 0 0 0 0 0 0 0 0 0 0 0 0 0 0 0 0 0 0 0 0.137579985 0 0 0 0 0
0.006391330 0 0 0.006391330 0 0 -0.129439779 0 0 -0.129439779 0 0 0 0 0 0 0 0 0 0 0 0 0 0 0 0 0 0 0 0 0 0 0 0.673015187 0 0 0 0 0
0.003247375 0 0 0.003247375 0 0 -0.145835272 0 0 -0.145835272 0 0 0 0 0 0 0 0 0 0 0 0 0 0 0 0 0 0 0 0 0 0 0 -0.033271728 0 0 0 0 0
-0.027577922 0 0 -0.027577922 0 0 -0.183338985 0 0 -0.183338985 0 0 0 0 0 0 0 0 0 0 0 0 0 0 0 0 0 0 0 0 0 0 0 0.149655824 0 0 0 0 0
-0.026791813 0 0 -0.026791813 0 0 -0.183608436 0 0 -0.183608436 0 0 0 0 0 0 0 0 0 0 0 0 0 0 0 0 0 0 0 0 0 0 0 0.150832266 0 0 0 0 0
-0.024584070 0 0 -0.024584070 0 0 -0.179062310 0 0 -0.179062310 0 0 0 0 0 0 0 0 0 0 0 0 0 0 0 0 0 0 0 0 0 0 0 0.148330137 0 0 0 0 0
0.020030872 0 0 0.020030872 0 0 -0.121837759 0 0 -0.121837759 0 0 0 0 0 0 0 0 0 0 0 0 0 0 0 0 0 0 0 0 0 0 0 0.501732230 0 0 0 0 0
-0.120030021 0 0 -0.120030021 0 0 -0.119216655 0 0 -0.119216655 0 0 0 0 0 0 0 0 0 0 0 0 0 0 0 0 0 0 0 0 0 0 0 0.271279896 0 0 0 0 0
-0.024747909 -0.038186178 -0.083390335 -0.024747909 -0.038186178 -0.083390335 0.007755086 -0.010722510 -0.016096556 -0.007755086 0.010722510 -0.016096556 -0.086786104 0 0 -0.086786104 0 0 -0.062417879 0 0 -0.062417879 0 0 -0.174436110 0.006183551 0 0.205339187 0.122947276 0 0.205339187 0.122947276 0 -0.853620594 -0.295086374 0.196428438 1.017869797 0 0
-0.024044668 -0.039590156 -0.081320622 -0.024044668 -0.039590156 -0.081320622 0.009734045 -0.011347167 -0.014037129 -0.009734045 0.011347167 -0.014037129 -0.087093062 0 0 -0.087093062 0 0 -0.064415199 0 0 -0.064415199 0 0 -0.173304652 0.008437041 0 0.198923541 0.097689128 0 0.198923541 0.097689128 0 -1.027547716 -0.287329826 -0.123664825 1.476486609 0 0
-0.065654403 0 0 -0.065654403 0 0 -0.097698910 0 0 -0.097698910 0 0 0 0 0 0 0 0 0 0 0 0 0 0 0 0 0 0 0 0 0 0 0 0.203243898 0 0 0 0 0
