-3.470000000000000000e+02
-7.400000000000000000e+01
-4.700000000000000000e+01
-1.459999999999999964e+01
-7.500000000000000000e+01
-1.400000000000000000e+02
-3.600000000000000000e+01
-8.700000000000000000e+01
-6.160000000000000000e+02
-1.560000000000000000e+02
-3.530000000000000000e+02
-1.800000000000000000e+02
-9.000000000000000000e+01
-4.000000000000000000e+01
-6.179999999999999716e+01
-6.300000000000000000e+02
-7.129999999999999716e+01
-4.000000000000000000e+01
-1.330000000000000000e+02
-1.770000000000000000e+02
-1.630000000000000000e+02
-5.700000000000000000e+01
-7.700000000000000000e+01
-3.500000000000000000e+01
-2.000000000000000000e+01
-2.600000000000000000e+02
-1.080000000000000000e+02
-8.000000000000000000e+01
-6.700000000000000000e+01
-2.300000000000000000e+02
-7.800000000000000000e+01
-1.330000000000000071e+01
-1.750000000000000000e+02
-1.850000000000000000e+02
-5.710000000000000000e+02
-4.500000000000000000e+01
-4.300000000000000000e+01
-4.500000000000000000e+02
-2.799999999999999822e+00
-3.633999999999999773e+02
-5.324000000000000199e+01
-1.460000000000000000e+02
-4.150000000000000000e+01
-2.400000000000000000e+01
-6.440000000000000568e+01
-3.000000000000000000e+02
-2.130000000000000071e+01
-2.250000000000000000e+02
-6.000000000000000000e+01
-5.730000000000000000e+02
